$r1h =  [1, 0, 0, 0, 0, 0, 0, 0, 0, 0, 0, 0, 1];
$r2h =  [1, 0, 0, 0, 0, 0, 0, 0, 0, 0, 0, 1, 0];
$r3h =  [1, 0, 0, 0, 0, 0, 0, 0, 0, 0, 1, 0, 0];
$r4h =  [1, 0, 0, 0, 0, 0, 0, 0, 0,-1, 0, 0,-1];
$r5h =  [1, 0, 0, 0, 0, 0, 0, 0, 1, 0, 0, 1, 0];
$r6h =  [1, 0, 0, 0, 0, 1, 0, 0, 0, 0, 1, 0, 0];
$r7h =  [1, 0, 0, 0, 0, 0,-1, 0, 0, 0, 0,-1, 0];
$r8h =  [1, 0, 0, 0, 0, 0, 0, 1, 0, 0, 0, 0, 1];
$r9h =  [1, 0, 0, 1, 0, 0, 0, 0, 0, 0, 1, 0, 0];
$r10h = [1, 0, 0, 0, 0, 0,-1, 0,-1, 0, 0,-1, 0];
$r11h = [1, 0, 0, 0, 0, 0, 0,-1, 0,-1, 0, 0,-1];
$r12h = [1, 0, 0, 1, 0, 1, 0, 0, 0, 0, 1, 0, 0];
$r13h = [1,-1, 0, 0, 0, 0, 0, 0, 0, 0,-1, 0, 0];
$r14h = [1, 0, 0, 0, 1, 0, 0, 0, 0, 0, 0, 0, 1];
$r15h = [1, 0, 1, 0, 0, 0, 0, 0, 0, 0, 0, 1, 0];
$r16h = [1,-1 ,0, 0, 0,-1, 0, 0, 0, 0,-1, 0, 0];
$r17h = [1, 0, 0, 0,-1, 0, 0, 0, 0,-1, 0, 0,-1];
$r18h = [1, 0, 1, 0, 0, 0, 0, 0, 1, 0, 0, 1, 0];
$r19h = [1,-1 ,0,-1, 0, 0, 0, 0, 0, 0,-1, 0, 0];
$r20h = [1, 0,-1, 0, 0, 0,-1, 0, 0, 0, 0,-1, 0];
$r21h = [1, 0, 0, 0, 1, 0, 0, 1, 0, 0, 0, 0, 1];
$r22h = [1,-1, 0,-1, 0,-1, 0, 0, 0, 0,-1, 0, 0];
$r23h = [1, 0,-1, 0, 0, 0,-1, 0,-1, 0, 0,-1, 0];
$r24h = [1, 0, 0, 0,-1, 0, 0,-1, 0,-1, 0, 0,-1];

$pointsh = [$r1h,$r2h,$r3h,$r4h,$r5h,$r6h,$r7h,$r8h,$r9h,$r10h,$r11h,$r12h,$r13h,$r14h,$r15h,$r16h,$r17h,$r18h,$r19h,$r20h,$r21h,$r22h,$r23h,$r24h];

$ph = new Polytope(POINTS=>$pointsh);

print $ph->HILBERT_SERIES;

print $ph->GROEBNER_BASIS->BASIS;

print $ph->NORMAL;

#Super-weird behavior of Polimake: if I interchange the last
#two lines, I get another result for the Groebner basis.